[general]
temp-day=5500
temp-night=3500
gamma=0.9
[manual]
lat=6.524379
lon=3.379206
