[general]
temp-day=5000
temp-night=3000
gamma=0.8
[manual]
lat=6.524379
lon=3.379206
